2.729e-07
2.8621e-06
3.0203e-06
2.8442e-06
1.8876e-06
1.7041e-06
3.6182e-06
9.155e-07
8.041e-07
2.3755e-06
8.39e-07
1.7876e-06
1.7331e-06
1.7226e-06
1.4937e-06
6.895e-07
7.019e-07
5.714e-07
5.099e-07
5.705e-07
1.901e-07
1.3871e-06
2.7461e-06
7.302e-07
4.316e-07
5.03e-08
1.169e-06
1.2518e-06
1.3153e-06
1.4657e-06
1.3483e-06
1.1465e-06
5.006e-07
-3.11e-08
9.518e-07
5.344e-07
8.551e-07
5.759e-07
1.889e-07
6.743e-07
7.542e-07
5.369e-07
1.495e-07
6.77e-07
9.667e-07
1.496e-07
1.562e-07
1.516e-07
1.1518e-06
7.987e-07
1.1439e-06
1.0291e-06
1.6875e-06
6.137e-07
1.2705e-06
