3.152e-07
6.472e-07
6.514e-07
5.878e-07
7.477e-07
5.807e-07
7.67e-07
1.1258e-06
7.158e-07
7.749e-07
1.1922e-06
1.6565e-06
1.6899e-06
1.7062e-06
1.5934e-06
6.852e-07
7.408e-07
1.0271e-06
9.983e-07
7.346e-07
5.909e-07
8.625e-07
7.824e-07
7.215e-07
4.525e-07
3.209e-07
8.206e-07
1.1521e-06
1.207e-06
8.253e-07
8.257e-07
8.266e-07
6.658e-07
8.114e-07
7.919e-07
4.072e-07
1.4794e-06
1.698e-06
2.755e-07
1.0035e-06
1.1197e-06
1.0018e-06
3.089e-07
5.748e-07
5.93e-07
2.926e-07
2.076e-07
2.855e-07
9.519e-07
5.694e-07
8.045e-07
4.191e-07
3.794e-07
4.394e-07
6.905e-07
