8.37e-08
1.011e-07
1.005e-07
9.85e-08
1.069e-07
1.092e-07
1.412e-07
1.282e-07
1.263e-07
1.162e-07
1.308e-07
1.46e-07
1.453e-07
1.585e-07
1.448e-07
1.084e-07
1e-07
1.135e-07
1.171e-07
9.73e-08
9.84e-08
1e-07
1.075e-07
1.057e-07
1.054e-07
9.25e-08
1.349e-07
1.406e-07
1.383e-07
1.357e-07
1.327e-07
1.358e-07
1.323e-07
1.319e-07
1.22e-07
1.084e-07
1.572e-07
1.978e-07
1.517e-07
1.187e-07
1.227e-07
1.184e-07
1.005e-07
9.49e-08
9.49e-08
9.25e-08
1.019e-07
9.43e-08
1.242e-07
1.206e-07
1.134e-07
1.438e-07
2e-07
1.382e-07
2.125e-07
