2.221e-07
9.88e-08
1.088e-07
1.309e-07
6.16e-08
2.357e-07
2.267e-07
2.359e-07
1.041e-07
1.184e-07
2.368e-07
2.744e-07
2.39e-07
2.722e-07
3.016e-07
1.057e-07
8.4e-08
1.056e-07
1.522e-07
8.75e-08
6.079e-07
9.15e-08
9.66e-08
1.436e-07
4.41e-08
5.86e-08
3.198e-07
-1.035e-07
-1.265e-07
1.988e-07
2.907e-07
3.361e-07
1.166e-07
4.355e-07
7.76e-08
6.06e-08
2.18e-07
1.031e-07
6.85e-08
1.182e-07
1.627e-07
2.883e-07
4.86e-08
8.35e-08
7.75e-08
5.67e-08
4.41e-08
6.37e-08
-6.7e-08
9.13e-08
1.084e-07
8.03e-08
1.357e-07
1.004e-07
1.822e-07
